0.00E+00	4.85E+00
1.00E-10	4.85E+00
1.00E-10	4.85E+00
1.01E-10	4.85E+00
1.01E-10	4.85E+00
1.48E-10	4.85E+00
1.95E-10	4.85E+00
2.41E-10	4.85E+00
2.88E-10	4.85E+00
3.35E-10	4.85E+00
3.82E-10	4.85E+00
4.29E-10	4.85E+00
7.56E-10	4.85E+00
1.41E-09	4.85E+00
2.72E-09	4.85E+00
5.01E-09	4.85E+00
7.96E-09	4.85E+00
1.14E-08	4.85E+00
1.47E-08	4.85E+00
1.81E-08	4.85E+00
2.19E-08	4.85E+00
2.54E-08	4.85E+00
3.26E-08	4.85E+00
4.00E-08	4.85E+00
5.18E-08	4.84E+00
6.61E-08	4.84E+00
8.10E-08	4.83E+00
1.11E-07	4.83E+00
1.62E-07	4.81E+00
2.39E-07	4.79E+00
3.94E-07	4.74E+00
6.31E-07	4.67E+00
1.02E-06	4.55E+00
1.43E-06	4.43E+00
1.92E-06	4.30E+00
2.41E-06	4.18E+00
2.90E-06	4.06E+00
3.39E-06	3.95E+00
4.36E-06	3.75E+00
5.83E-06	3.50E+00
6.80E-06	3.37E+00
7.78E-06	3.27E+00
8.76E-06	3.18E+00
9.25E-06	3.15E+00
9.73E-06	3.12E+00
1.02E-05	3.10E+00
1.07E-05	3.08E+00
1.12E-05	3.07E+00
1.17E-05	3.06E+00
1.22E-05	3.05E+00
1.27E-05	3.05E+00
1.32E-05	3.05E+00
1.36E-05	3.06E+00
1.41E-05	3.07E+00
1.46E-05	3.09E+00
1.51E-05	3.10E+00
1.56E-05	3.12E+00
1.61E-05	3.14E+00
1.66E-05	3.17E+00
1.71E-05	3.20E+00
1.75E-05	3.22E+00
1.80E-05	3.26E+00
1.85E-05	3.29E+00
1.95E-05	3.36E+00
2.05E-05	3.43E+00
2.15E-05	3.51E+00
2.24E-05	3.59E+00
2.34E-05	3.68E+00
2.44E-05	3.76E+00
2.58E-05	3.88E+00
2.73E-05	4.01E+00
2.88E-05	4.12E+00
3.02E-05	4.23E+00
3.11E-05	4.29E+00
3.19E-05	4.34E+00
3.28E-05	4.40E+00
3.36E-05	4.44E+00
3.44E-05	4.49E+00
3.53E-05	4.53E+00
3.61E-05	4.57E+00
3.69E-05	4.61E+00
3.78E-05	4.64E+00
3.86E-05	4.67E+00
3.94E-05	4.69E+00
4.03E-05	4.71E+00
4.11E-05	4.73E+00
4.20E-05	4.75E+00
4.29E-05	4.77E+00
4.39E-05	4.78E+00
4.44E-05	4.78E+00
4.49E-05	4.79E+00
4.54E-05	4.79E+00
4.59E-05	4.79E+00
4.64E-05	4.79E+00
4.68E-05	4.79E+00
4.73E-05	4.79E+00
4.78E-05	4.79E+00
4.83E-05	4.79E+00
4.88E-05	4.79E+00
4.93E-05	4.79E+00
4.98E-05	4.79E+00
5.03E-05	4.78E+00
5.08E-05	4.78E+00
5.12E-05	4.78E+00
5.17E-05	4.77E+00
5.22E-05	4.77E+00
5.27E-05	4.76E+00
5.32E-05	4.76E+00
5.42E-05	4.75E+00
5.51E-05	4.74E+00
5.61E-05	4.72E+00
5.71E-05	4.71E+00
5.81E-05	4.70E+00
5.91E-05	4.69E+00
6.05E-05	4.67E+00
6.20E-05	4.65E+00
6.34E-05	4.63E+00
6.49E-05	4.61E+00
6.57E-05	4.60E+00
6.66E-05	4.60E+00
6.74E-05	4.59E+00
6.83E-05	4.58E+00
6.91E-05	4.57E+00
6.99E-05	4.57E+00
7.08E-05	4.56E+00
7.16E-05	4.55E+00
7.24E-05	4.55E+00
7.33E-05	4.54E+00
7.41E-05	4.54E+00
7.50E-05	4.54E+00
7.58E-05	4.53E+00
7.66E-05	4.53E+00
7.76E-05	4.53E+00
7.86E-05	4.53E+00
7.91E-05	4.53E+00
7.96E-05	4.52E+00
8.00E-05	4.52E+00
8.05E-05	4.52E+00
8.10E-05	4.52E+00
8.15E-05	4.52E+00
8.20E-05	4.52E+00
8.25E-05	4.52E+00
8.30E-05	4.52E+00
8.35E-05	4.52E+00
8.40E-05	4.52E+00
8.44E-05	4.52E+00
8.49E-05	4.52E+00
8.54E-05	4.52E+00
8.59E-05	4.53E+00
8.64E-05	4.53E+00
8.69E-05	4.53E+00
8.74E-05	4.53E+00
8.79E-05	4.53E+00
8.88E-05	4.53E+00
8.98E-05	4.53E+00
9.08E-05	4.53E+00
9.18E-05	4.54E+00
9.27E-05	4.54E+00
9.37E-05	4.54E+00
9.52E-05	4.54E+00
9.66E-05	4.55E+00
9.81E-05	4.55E+00
9.96E-05	4.55E+00
1.00E-04	4.55E+00
1.01E-04	4.55E+00
1.02E-04	4.55E+00
1.03E-04	4.56E+00
1.04E-04	4.56E+00
1.05E-04	4.56E+00
1.05E-04	4.56E+00
1.06E-04	4.56E+00
1.07E-04	4.56E+00
1.08E-04	4.56E+00
1.09E-04	4.56E+00
1.10E-04	4.56E+00
1.10E-04	4.56E+00
1.11E-04	4.56E+00
1.12E-04	4.56E+00
1.13E-04	4.56E+00
1.14E-04	4.56E+00
1.14E-04	4.56E+00
1.15E-04	4.57E+00
1.15E-04	4.57E+00
1.16E-04	4.57E+00
1.16E-04	4.57E+00
1.17E-04	4.57E+00
1.17E-04	4.57E+00
1.18E-04	4.57E+00
1.18E-04	4.57E+00
1.19E-04	4.57E+00
1.19E-04	4.57E+00
1.20E-04	4.57E+00
1.20E-04	4.56E+00
1.21E-04	4.56E+00
1.21E-04	4.56E+00
1.22E-04	4.56E+00
1.22E-04	4.56E+00
1.23E-04	4.56E+00
1.24E-04	4.56E+00
1.25E-04	4.56E+00
1.26E-04	4.56E+00
1.27E-04	4.56E+00
1.28E-04	4.56E+00
1.29E-04	4.56E+00
1.31E-04	4.56E+00
1.32E-04	4.56E+00
1.34E-04	4.56E+00
1.35E-04	4.56E+00
1.36E-04	4.56E+00
1.36E-04	4.56E+00
1.37E-04	4.56E+00
1.38E-04	4.56E+00
1.39E-04	4.56E+00
1.40E-04	4.56E+00
1.41E-04	4.56E+00
1.42E-04	4.56E+00
1.43E-04	4.56E+00
1.44E-04	4.56E+00
1.45E-04	4.56E+00
1.46E-04	4.56E+00
1.46E-04	4.56E+00
1.48E-04	4.56E+00
1.49E-04	4.56E+00
1.50E-04	4.56E+00
1.51E-04	4.56E+00
1.51E-04	4.56E+00
1.52E-04	4.56E+00
1.52E-04	4.56E+00
1.53E-04	4.56E+00
1.54E-04	4.56E+00
1.55E-04	4.56E+00
1.56E-04	4.56E+00
1.57E-04	4.56E+00
1.58E-04	4.56E+00
1.59E-04	4.56E+00
1.61E-04	4.56E+00
1.62E-04	4.56E+00
1.64E-04	4.56E+00
1.65E-04	4.56E+00
1.66E-04	4.56E+00
1.67E-04	4.56E+00
1.68E-04	4.56E+00
1.69E-04	4.56E+00
1.71E-04	4.56E+00
1.72E-04	4.56E+00
1.73E-04	4.56E+00
1.74E-04	4.56E+00
1.75E-04	4.56E+00
1.77E-04	4.56E+00
1.78E-04	4.56E+00
1.79E-04	4.56E+00
1.80E-04	4.56E+00
1.82E-04	4.56E+00
1.84E-04	4.56E+00
1.86E-04	4.56E+00
1.88E-04	4.56E+00
1.90E-04	4.56E+00
1.92E-04	4.56E+00
1.94E-04	4.56E+00
1.96E-04	4.56E+00
1.98E-04	4.56E+00
2.00E-04	4.56E+00
2.01E-04	4.56E+00
2.03E-04	4.56E+00
2.05E-04	4.56E+00
2.06E-04	4.56E+00
2.08E-04	4.56E+00
2.11E-04	4.56E+00
2.14E-04	4.56E+00
2.17E-04	4.56E+00
2.20E-04	4.56E+00
2.23E-04	4.56E+00
2.26E-04	4.56E+00
2.28E-04	4.56E+00
2.32E-04	4.56E+00
2.35E-04	4.56E+00
2.38E-04	4.56E+00
2.41E-04	4.56E+00
2.44E-04	4.56E+00
2.47E-04	4.56E+00
2.50E-04	4.56E+00
2.50E-04	4.56E+00
2.50E-04	4.56E+00
2.50E-04	4.56E+00
2.50E-04	4.56E+00
2.50E-04	4.56E+00
2.50E-04	4.56E+00
2.50E-04	4.56E+00
2.50E-04	4.56E+00
2.50E-04	4.56E+00
2.50E-04	4.56E+00
2.50E-04	4.56E+00
2.50E-04	4.56E+00
2.50E-04	4.56E+00
2.50E-04	4.56E+00
2.50E-04	4.56E+00
2.50E-04	4.56E+00
2.50E-04	4.56E+00
2.50E-04	4.56E+00
2.50E-04	4.56E+00
2.50E-04	4.56E+00
2.50E-04	4.56E+00
2.51E-04	4.56E+00
2.51E-04	4.56E+00
2.51E-04	4.56E+00
2.52E-04	4.56E+00
2.52E-04	4.56E+00
2.52E-04	4.57E+00
2.52E-04	4.58E+00
2.52E-04	4.59E+00
2.52E-04	4.60E+00
2.52E-04	4.61E+00
2.52E-04	4.61E+00
2.52E-04	4.62E+00
2.52E-04	4.62E+00
2.52E-04	4.63E+00
2.52E-04	4.63E+00
2.52E-04	4.64E+00
2.52E-04	4.65E+00
2.52E-04	4.65E+00
2.52E-04	4.66E+00
2.52E-04	4.67E+00
2.52E-04	4.68E+00
2.52E-04	4.69E+00
2.52E-04	4.70E+00
2.52E-04	4.70E+00
2.52E-04	4.71E+00
2.52E-04	4.72E+00
2.53E-04	4.74E+00
2.53E-04	4.75E+00
2.53E-04	4.77E+00
2.53E-04	4.79E+00
2.53E-04	4.81E+00
2.53E-04	4.88E+00
2.54E-04	5.13E+00
2.55E-04	5.37E+00
2.56E-04	5.59E+00
2.56E-04	5.80E+00
2.57E-04	5.99E+00
2.58E-04	6.17E+00
2.59E-04	6.34E+00
2.60E-04	6.45E+00
2.60E-04	6.55E+00
2.61E-04	6.64E+00
2.62E-04	6.72E+00
2.62E-04	6.79E+00
2.63E-04	6.85E+00
2.63E-04	6.91E+00
2.65E-04	6.99E+00
2.65E-04	7.01E+00
2.66E-04	7.02E+00
2.66E-04	7.03E+00
2.67E-04	7.03E+00
2.67E-04	7.03E+00
2.68E-04	7.02E+00
2.68E-04	7.00E+00
2.69E-04	6.98E+00
2.69E-04	6.96E+00
2.70E-04	6.93E+00
2.71E-04	6.86E+00
2.72E-04	6.77E+00
2.73E-04	6.67E+00
2.74E-04	6.55E+00
2.74E-04	6.49E+00
2.75E-04	6.42E+00
2.75E-04	6.35E+00
2.76E-04	6.28E+00
2.76E-04	6.21E+00
2.77E-04	6.14E+00
2.77E-04	6.06E+00
2.78E-04	5.98E+00
2.78E-04	5.90E+00
2.79E-04	5.83E+00
2.79E-04	5.74E+00
2.80E-04	5.66E+00
2.80E-04	5.58E+00
2.81E-04	5.50E+00
2.81E-04	5.42E+00
2.82E-04	5.34E+00
2.82E-04	5.26E+00
2.82E-04	5.18E+00
2.83E-04	5.10E+00
2.83E-04	5.02E+00
2.84E-04	4.94E+00
2.84E-04	4.86E+00
2.85E-04	4.79E+00
2.85E-04	4.72E+00
2.86E-04	4.64E+00
2.86E-04	4.57E+00
2.87E-04	4.51E+00
2.87E-04	4.44E+00
2.88E-04	4.38E+00
2.88E-04	4.32E+00
2.89E-04	4.26E+00
2.89E-04	4.20E+00
2.90E-04	4.15E+00
2.90E-04	4.10E+00
2.91E-04	4.05E+00
2.91E-04	4.01E+00
2.92E-04	3.93E+00
2.93E-04	3.86E+00
2.95E-04	3.78E+00
2.96E-04	3.73E+00
2.97E-04	3.71E+00
2.98E-04	3.70E+00
2.98E-04	3.70E+00
2.99E-04	3.70E+00
2.99E-04	3.70E+00
3.00E-04	3.71E+00
3.00E-04	3.72E+00
3.01E-04	3.73E+00
3.01E-04	3.74E+00
3.02E-04	3.76E+00
3.02E-04	3.80E+00
3.03E-04	3.85E+00
3.04E-04	3.90E+00
3.05E-04	3.96E+00
3.06E-04	4.03E+00
3.07E-04	4.11E+00
3.08E-04	4.19E+00
3.09E-04	4.27E+00
3.10E-04	4.35E+00
3.11E-04	4.44E+00
3.13E-04	4.57E+00
3.14E-04	4.70E+00
3.16E-04	4.82E+00
3.17E-04	4.94E+00
3.19E-04	5.05E+00
3.20E-04	5.15E+00
3.22E-04	5.23E+00
3.22E-04	5.27E+00
3.23E-04	5.30E+00
3.24E-04	5.33E+00
3.24E-04	5.36E+00
3.25E-04	5.39E+00
3.26E-04	5.41E+00
3.26E-04	5.42E+00
3.28E-04	5.45E+00
3.29E-04	5.46E+00
3.29E-04	5.46E+00
3.30E-04	5.46E+00
3.30E-04	5.46E+00
3.31E-04	5.46E+00
3.31E-04	5.46E+00
3.32E-04	5.45E+00
3.32E-04	5.45E+00
3.33E-04	5.44E+00
3.34E-04	5.42E+00
3.35E-04	5.40E+00
3.36E-04	5.37E+00
3.37E-04	5.34E+00
3.38E-04	5.30E+00
3.39E-04	5.26E+00
3.40E-04	5.22E+00
3.41E-04	5.18E+00
3.42E-04	5.13E+00
3.43E-04	5.09E+00
3.44E-04	5.04E+00
3.45E-04	4.97E+00
3.46E-04	4.91E+00
3.48E-04	4.84E+00
3.49E-04	4.78E+00
3.51E-04	4.73E+00
3.52E-04	4.68E+00
3.54E-04	4.63E+00
3.54E-04	4.62E+00
3.55E-04	4.60E+00
3.56E-04	4.59E+00
3.56E-04	4.58E+00
3.57E-04	4.57E+00
3.58E-04	4.56E+00
3.58E-04	4.55E+00
3.60E-04	4.54E+00
3.61E-04	4.53E+00
3.61E-04	4.53E+00
3.62E-04	4.53E+00
3.62E-04	4.53E+00
3.63E-04	4.53E+00
3.63E-04	4.53E+00
3.64E-04	4.54E+00
3.64E-04	4.54E+00
3.65E-04	4.54E+00
3.65E-04	4.56E+00
3.66E-04	4.57E+00
3.67E-04	4.58E+00
3.68E-04	4.60E+00
3.69E-04	4.62E+00
3.70E-04	4.64E+00
3.71E-04	4.66E+00
3.72E-04	4.68E+00
3.73E-04	4.71E+00
3.74E-04	4.73E+00
3.76E-04	4.77E+00
3.77E-04	4.80E+00
3.79E-04	4.84E+00
3.80E-04	4.87E+00
3.82E-04	4.90E+00
3.83E-04	4.93E+00
3.85E-04	4.96E+00
3.85E-04	4.97E+00
3.86E-04	4.98E+00
3.87E-04	4.99E+00
3.87E-04	4.99E+00
3.88E-04	5.00E+00
3.89E-04	5.01E+00
3.89E-04	5.01E+00
3.91E-04	5.02E+00
3.92E-04	5.02E+00
3.92E-04	5.02E+00
3.93E-04	5.02E+00
3.93E-04	5.02E+00
3.94E-04	5.02E+00
3.94E-04	5.02E+00
3.95E-04	5.02E+00
3.95E-04	5.02E+00
3.96E-04	5.02E+00
3.96E-04	5.02E+00
3.97E-04	5.01E+00
3.98E-04	5.00E+00
3.99E-04	4.99E+00
4.00E-04	4.99E+00
4.01E-04	4.97E+00
4.02E-04	4.96E+00
4.03E-04	4.95E+00
4.04E-04	4.94E+00
4.05E-04	4.93E+00
4.06E-04	4.92E+00
4.07E-04	4.90E+00
4.09E-04	4.88E+00
4.10E-04	4.86E+00
4.12E-04	4.84E+00
4.13E-04	4.82E+00
4.15E-04	4.81E+00
4.16E-04	4.80E+00
4.17E-04	4.79E+00
4.18E-04	4.79E+00
4.18E-04	4.78E+00
4.19E-04	4.78E+00
4.20E-04	4.77E+00
4.20E-04	4.77E+00
4.21E-04	4.77E+00
4.23E-04	4.76E+00
4.24E-04	4.76E+00
4.24E-04	4.76E+00
4.25E-04	4.76E+00
4.25E-04	4.76E+00
4.26E-04	4.76E+00
4.26E-04	4.76E+00
4.27E-04	4.76E+00
4.27E-04	4.76E+00
4.27E-04	4.77E+00
4.28E-04	4.77E+00
4.29E-04	4.77E+00
4.30E-04	4.78E+00
4.31E-04	4.78E+00
4.32E-04	4.79E+00
4.33E-04	4.79E+00
4.34E-04	4.80E+00
4.35E-04	4.80E+00
4.36E-04	4.81E+00
4.37E-04	4.82E+00
4.39E-04	4.83E+00
4.40E-04	4.84E+00
4.42E-04	4.85E+00
4.43E-04	4.86E+00
4.45E-04	4.87E+00
4.46E-04	4.87E+00
4.48E-04	4.88E+00
4.49E-04	4.89E+00
4.49E-04	4.89E+00
4.50E-04	4.89E+00
4.51E-04	4.89E+00
4.51E-04	4.89E+00
4.52E-04	4.90E+00
4.53E-04	4.90E+00
4.53E-04	4.90E+00
4.54E-04	4.90E+00
4.55E-04	4.90E+00
4.55E-04	4.90E+00
4.56E-04	4.90E+00
4.56E-04	4.90E+00
4.57E-04	4.90E+00
4.57E-04	4.90E+00
4.58E-04	4.90E+00
4.58E-04	4.90E+00
4.59E-04	4.90E+00
4.59E-04	4.90E+00
4.60E-04	4.90E+00
4.61E-04	4.90E+00
4.62E-04	4.89E+00
4.63E-04	4.89E+00
4.64E-04	4.89E+00
4.65E-04	4.88E+00
4.66E-04	4.88E+00
4.67E-04	4.88E+00
4.68E-04	4.87E+00
4.69E-04	4.87E+00
4.70E-04	4.87E+00
4.72E-04	4.86E+00
4.73E-04	4.86E+00
4.75E-04	4.85E+00
4.76E-04	4.85E+00
4.78E-04	4.84E+00
4.79E-04	4.84E+00
4.80E-04	4.84E+00
4.81E-04	4.83E+00
4.81E-04	4.83E+00
4.82E-04	4.83E+00
4.83E-04	4.83E+00
4.83E-04	4.83E+00
4.84E-04	4.83E+00
4.85E-04	4.83E+00
4.85E-04	4.83E+00
4.85E-04	4.83E+00
4.86E-04	4.83E+00
4.86E-04	4.83E+00
4.87E-04	4.83E+00
4.87E-04	4.83E+00
4.88E-04	4.83E+00
4.88E-04	4.83E+00
4.89E-04	4.83E+00
4.89E-04	4.83E+00
4.90E-04	4.83E+00
4.90E-04	4.83E+00
4.90E-04	4.83E+00
4.91E-04	4.83E+00
4.92E-04	4.83E+00
4.93E-04	4.83E+00
4.94E-04	4.83E+00
4.95E-04	4.83E+00
4.96E-04	4.84E+00
4.97E-04	4.84E+00
4.98E-04	4.84E+00
4.99E-04	4.84E+00
4.99E-04	4.84E+00
4.99E-04	4.84E+00
4.99E-04	4.84E+00
5.00E-04	4.84E+00
5.00E-04	4.84E+00
5.00E-04	4.84E+00
5.00E-04	4.84E+00
5.00E-04	4.84E+00
